-7.640	16.745	14.564	1.00
-7.884	16.748	13.071	1.00
-8.234	15.336	12.609	1.00
-8.638	14.505	13.439	1.00
-7.960	15.011	11.333	1.00
-8.268	13.657	10.856	1.00
-7.489	12.584	11.608	1.00
-7.989	11.491	11.891	1.00
-7.935	13.520	9.357	1.00
-8.507	12.205	8.826	1.00
-6.425	13.610	9.156	1.00
-8.472	12.090	7.296	1.00
-6.268	12.960	12.033	1.00
-5.507	11.888	12.731	1.00
-6.124	11.553	14.067	1.00
-6.171	10.377	14.485	1.00
-4.028	12.321	12.772	1.00
-3.302	11.585	13.872	1.00
-3.383	12.031	11.426	1.00
-6.621	12.553	14.777	1.00
-7.270	12.417	16.070	1.00
-8.610	11.701	15.969	1.00
-9.034	10.966	16.866	1.00
-7.563	13.802	16.697	1.00
-6.732	14.140	17.918	1.00
-7.383	13.707	19.227	1.00
-8.267	14.434	19.747	1.00
-7.009	12.624	19.747	1.00
-9.300	11.958	14.857	1.00
-10.652	11.426	14.707	1.00
-10.633	10.018	14.187	1.00
-11.582	9.244	14.413	1.00
-11.432	12.372	13.811	1.00
-12.778	11.895	13.296	1.00
-13.523	13.075	12.697	1.00
-14.000	13.970	13.408	1.00
-13.596	13.146	11.380	1.00
-9.690	9.649	13.290	1.00
-9.724	8.397	12.613	1.00
-8.582	7.342	12.783	1.00
-8.691	6.316	12.170	1.00
-9.712	8.681	11.084	1.00
-11.122	9.798	10.661	1.00
-7.701	7.555	13.777	1.00
-6.712	6.525	14.056	1.00
-7.096	5.667	15.274	1.00
-6.874	4.438	15.185	1.00
-5.366	7.210	14.278	1.00
-4.771	8.078	12.787	1.00
-7.793	6.191	16.242	1.00
-8.268	5.343	17.394	1.00
-9.647	4.758	17.210	1.00
-10.034	3.713	17.812	1.00
-8.212	6.141	18.709	1.00
-9.206	7.185	18.684	1.00
-6.836	6.729	18.852	1.00
-10.404	5.289	16.254	1.00
-11.711	4.657	15.975	1.00
-11.906	4.745	14.469	1.00
-11.097	5.436	13.832	1.00
-12.880	5.240	16.763	1.00
-13.060	6.597	16.405	1.00
-12.739	3.910	13.910	1.00
-12.721	3.866	12.444	1.00
-13.638	4.993	11.956	1.00
-14.668	5.341	12.560	1.00
-13.142	2.477	11.959	1.00
-12.329	1.402	12.714	1.00
-12.931	2.312	10.471	1.00
-12.903	0.013	12.621	1.00
-13.230	5.537	10.837	1.00
-13.979	6.570	10.156	1.00
-14.552	5.920	8.944	1.00
-13.838	5.255	8.174	1.00
-13.108	7.741	9.775	1.00
-12.782	8.753	11.186	1.00
-15.850	6.069	8.718	1.00
-16.483	5.512	7.528	1.00
-16.111	6.360	6.342	1.00
-15.639	7.475	6.458	1.00
-18.025	5.492	7.689	1.00
-18.472	6.872	7.726	1.00
-16.511	5.982	5.108	1.00
-16.254	6.772	3.922	1.00
-17.036	8.148	4.059	1.00
-16.545	9.150	3.629	1.00
-16.881	6.017	2.733	1.00
-16.889	6.746	1.433	1.00
-16.576	5.788	0.287	1.00
-18.233	7.386	1.088	1.00
-18.214	8.061	4.758	1.00
-19.028	9.324	4.851	1.00
-18.329	10.288	5.763	1.00
-18.410	11.498	5.473	1.00
-20.405	8.870	5.441	1.00
-21.080	7.874	4.446	1.00
-21.521	8.325	3.238	1.00
-21.004	6.548	4.753	1.00
-22.009	7.412	2.288	1.00
-21.541	5.666	3.835	1.00
-21.945	6.091	2.607	1.00
-22.508	5.070	1.852	1.00
-17.628	9.872	6.803	1.00
-16.865	10.685	7.691	1.00
-15.611	11.217	6.947	1.00
-15.272	12.395	7.130	1.00
-16.430	9.969	8.961	1.00
-17.571	9.748	9.950	1.00
-17.224	8.758	11.038	1.00
-16.957	7.596	10.782	1.00
-17.295	9.208	12.298	1.00
-15.045	10.315	6.131	1.00
-13.770	10.807	5.506	1.00
-14.073	11.746	4.414	1.00
-13.231	12.638	4.212	1.00
-13.089	9.538	4.907	1.00
-12.397	8.543	5.836	1.00
-12.092	7.301	4.992	1.00
-11.114	9.126	6.497	1.00
-15.244	11.872	3.797	1.00
-15.552	12.899	2.827	1.00
-15.573	14.370	3.331	1.00
-15.267	15.210	2.493	1.00
-16.959	12.545	2.272	1.00
-17.084	11.312	1.403	1.00
-18.438	11.256	0.688	1.00
-19.467	11.577	1.327	1.00
-18.494	10.910	-0.522	1.00
-15.648	14.455	4.623	1.00
-15.565	15.728	5.361	1.00
-14.228	16.387	5.133	1.00
-14.050	17.637	5.088	1.00
-15.846	15.475	6.859	1.00
-17.297	15.060	7.162	1.00
-18.236	15.159	6.333	1.00
-17.620	14.439	8.290	1.00
-13.203	15.547	4.781	1.00
-11.850	16.156	4.589	1.00
-11.503	16.408	3.170	1.00
-10.303	16.782	2.990	1.00
-10.890	15.150	5.267	1.00
-11.090	15.021	6.728	1.00
-10.625	15.998	7.633	1.00
-11.796	13.980	7.308	1.00
-10.838	15.879	8.994	1.00
-12.040	13.834	8.649	1.00
-11.568	14.829	9.483	1.00
-11.759	14.669	10.848	1.00
-12.310	16.104	2.138	1.00
-12.042	16.363	0.809	1.00
-12.152	17.890	0.496	1.00
-12.905	18.492	1.257	1.00
-12.944	15.680	-0.224	1.00
-12.987	13.893	0.183	1.00
-11.509	18.265	-0.557	1.00
-11.685	19.697	-0.987	1.00
-13.078	19.915	-1.541	1.00
-13.472	21.111	-1.415	1.00
-10.719	19.962	-2.150	1.00
-9.339	20.251	-1.566	1.00
-8.388	20.014	-2.306	1.00
-9.332	20.712	-0.323	1.00
-13.715	18.976	-2.023	1.00
1.024	3.566	22.526	1.00
0.688	4.871	21.879	1.00
0.131	4.614	20.480	1.00
0.379	3.566	19.873	1.00
1.938	5.756	21.810	1.00
2.981	5.168	20.894	1.00
3.830	4.171	21.341	1.00
3.090	5.615	19.586	1.00
4.779	3.631	20.497	1.00
4.038	5.077	18.736	1.00
4.884	4.086	19.191	1.00
-0.575	5.589	19.945	1.00
-1.083	5.401	18.573	1.00
-0.050	5.937	17.615	1.00
0.461	7.058	17.839	1.00
-2.451	6.037	18.350	1.00
-3.023	5.560	17.002	1.00
-3.330	5.584	19.502	1.00
0.361	5.098	16.662	1.00
1.483	5.545	15.825	1.00
0.844	6.368	14.719	1.00
0.319	5.755	13.774	1.00
2.305	4.398	15.282	1.00
3.510	4.860	14.487	1.00
3.519	5.841	13.738	1.00
4.587	4.096	14.659	1.00
0.864	7.665	14.935	1.00
0.267	8.573	13.970	1.00
0.978	8.501	12.641	1.00
0.156	8.663	11.710	1.00
0.194	9.986	14.564	1.00
-0.829	9.908	15.715	1.00
-1.208	11.276	16.256	1.00
-0.706	12.301	15.792	1.00
-2.162	11.268	17.179	1.00
2.279	8.277	12.529	1.00
2.876	8.222	11.190	1.00
2.369	7.019	10.408	1.00
2.038	7.130	9.195	1.00
4.406	8.061	11.454	1.00
5.168	8.034	10.187	1.00
5.293	9.174	9.393	1.00
5.679	7.002	9.458	1.00
5.957	8.845	8.305	1.00
6.187	7.539	8.315	1.00
2.236	5.874	11.061	1.00
1.715	4.698	10.316	1.00
0.238	4.858	10.017	1.00
-0.170	4.628	8.900	1.00
1.880	3.422	11.147	1.00
3.369	3.051	11.322	1.00
3.266	1.736	12.142	1.00
4.090	2.798	10.015	1.00
-0.563	5.457	10.979	1.00
-1.951	5.685	10.639	1.00
-2.119	6.668	9.465	1.00
-2.966	6.472	8.621	1.00
-2.561	6.412	11.839	1.00
-4.329	6.495	11.607	1.00
-1.258	7.674	9.411	1.00
-1.393	8.757	8.422	1.00
-1.150	8.163	7.048	1.00
-1.836	8.532	6.105	1.00
-0.220	7.195	6.968	1.00
0.010	6.595	5.645	1.00
-1.270	5.984	5.128	1.00
-1.594	6.015	3.949	1.00
1.083	5.478	5.823	1.00
1.200	4.832	4.573	1.00
-2.016	5.255	6.019	1.00
-3.243	4.684	5.571	1.00
-4.341	5.737	5.301	1.00
-5.094	5.612	4.356	1.00
-3.762	3.704	6.697	1.00
-5.077	3.166	6.320	0.50
-2.970	2.441	6.818	0.50
2.219	5.339	0.50	17.61
1.398	5.911	0.50	24.69
3.460	6.964	0.50	22.67
2.195	7.715	0.50	13.89
2.001	5.390	0.50	23.74
0.490	6.252	0.50	17.56
2.772	6.302	0.50	25.35
0.971	7.323	0.50	14.94
-4.355	6.736	6.111	1.00
-5.474	7.752	5.910	1.00
-5.245	8.474	4.610	1.00
-6.322	8.736	3.916	1.00
-5.368	8.772	7.080	1.00
-5.827	8.268	8.450	1.00
-5.664	9.529	9.367	1.00
-7.246	7.717	8.407	1.00
-4.030	8.753	4.139	1.00
-3.925	9.458	2.891	1.00
-4.360	8.549	1.750	1.00
-4.871	9.036	0.755	1.00
-2.536	10.114	2.584	1.00
-2.275	11.153	3.654	1.00
-1.409	9.075	2.610	1.00
-4.093	7.216	1.814	1.00
-4.587	6.349	0.733	1.00
-6.095	6.211	0.779	1.00
-6.713	6.247	-0.302	1.00
-4.103	4.889	1.031	1.00
-2.589	4.810	0.869	1.00
-2.128	3.411	0.488	1.00
-2.924	2.442	0.447	1.00
-0.898	3.328	0.196	1.00
-6.687	6.347	2.014	1.00
-8.162	6.331	2.004	1.00
-8.724	7.639	1.436	1.00
-9.655	7.603	0.655	1.00
-8.630	6.126	3.448	1.00
-8.054	8.737	1.776	1.00
-8.560	10.055	1.184	1.00
-8.450	10.055	-0.279	1.00
-9.209	10.654	-1.082	1.00
-7.777	11.257	1.787	1.00
-8.277	11.440	3.237	1.00
-7.407	12.518	3.905	1.00
-9.772	11.731	3.250	1.00
-7.314	9.445	-0.861	1.00
-7.210	9.355	-2.286	1.00
-8.395	8.639	-2.938	1.00
-8.998	9.164	-3.925	1.00
-5.862	8.573	-2.594	1.00
-5.902	8.213	-4.064	1.00
-5.513	9.167	-5.005	1.00
-6.213	6.929	-4.510	1.00
-5.559	8.896	-6.378	1.00
-6.224	6.665	-5.891	1.00
-5.966	7.657	-6.783	1.00
-6.015	7.353	-8.144	1.00
-8.835	7.558	-2.319	1.00
-9.991	6.883	-2.912	1.00
-11.346	7.629	-2.684	1.00
-12.128	7.648	-3.659	1.00
-10.198	5.531	-2.236	1.00
-9.075	4.510	-2.530	1.00
-9.042	3.285	-1.644	1.00
-9.096	4.101	-3.974	1.00
-11.479	8.168	-1.516	1.00
-12.799	8.800	-1.304	1.00
-12.922	10.151	-2.002	1.00
-14.025	10.414	-2.538	1.00
-12.893	9.017	0.188	1.00
-14.023	9.940	0.584	1.00
-13.057	7.677	0.922	1.00
-11.870	10.932	-2.027	1.00
-12.051	12.307	-2.608	1.00
-11.885	12.218	-4.066	1.00
-12.377	13.178	-4.728	1.00
-11.026	13.220	-1.915	1.00
-11.044	13.282	-0.167	1.00
-11.217	11.292	-4.697	1.00
-11.111	11.265	-6.154	1.00
-10.513	12.546	-6.785	1.00
-9.693	13.251	-6.163	1.00
-11.313	13.011	-7.766	1.00
-10.860	14.208	-8.502	1.00
-10.999	15.475	-7.690	1.00
-10.309	16.501	-8.024	1.00
-11.729	14.267	-9.772	1.00
-12.952	15.149	-9.610	1.00
-14.009	14.764	-8.610	1.00
-14.245	13.557	-8.342	1.00
-14.670	15.703	-8.066	1.00
-11.730	15.498	-6.587	1.00
-11.787	16.706	-5.765	1.00
-10.501	17.046	-5.101	1.00
-10.123	18.161	-4.740	1.00
-12.813	16.462	-4.624	1.00
-14.252	16.325	-5.136	1.00
-15.169	15.718	-4.051	1.00
-15.361	16.765	-3.049	1.00
-16.083	16.577	-1.944	1.00
-16.593	15.375	-1.631	1.00
-16.254	17.615	-1.139	1.00
-9.720	15.954	-4.833	1.00
-8.512	16.206	-4.084	1.00
-8.677	16.505	-2.640	1.00
-9.758	16.437	-1.991	1.00
-7.548	16.746	-1.973	1.00
-7.510	17.010	-0.584	1.00
-6.226	17.643	-0.053	1.00
-5.248	17.601	-0.814	1.00
-7.758	15.755	0.338	1.00
-6.737	14.635	0.049	1.00
-6.856	13.783	-0.994	1.00
-5.728	14.502	0.987	1.00
-5.866	12.785	-1.188	1.00
-4.726	13.507	0.790	1.00
-4.841	12.645	-0.290	1.00
-6.256	18.323	1.053	1.00
-5.105	18.844	1.744	1.00
-4.893	18.005	2.961	1.00
-5.854	17.598	3.636	1.00
-5.228	20.301	2.226	1.00
-5.285	21.297	1.072	1.00
-6.095	21.323	-0.009	1.00
-4.276	22.281	1.184	1.00
-6.020	22.332	-0.952	1.00
-4.187	23.289	0.215	1.00
-5.056	23.288	-0.849	1.00
-3.637	17.607	3.216	1.00
-3.330	16.807	4.376	1.00
-2.319	17.581	5.200	1.00
-1.263	17.916	4.742	1.00
-2.764	15.453	3.889	1.00
-2.469	14.610	5.109	1.00
-3.484	13.973	5.796	1.00
-1.125	14.468	5.526	1.00
-3.191	13.225	6.946	1.00
-0.843	13.752	6.694	1.00
-1.872	13.119	7.345	1.00
-1.660	12.382	8.496	1.00
-2.785	17.890	6.401	1.00
-1.925	18.597	7.357	1.00
-2.004	17.810	8.672	1.00
-3.033	17.746	9.346	1.00
-2.394	20.042	7.537	1.00
-2.283	20.336	8.943	1.00
-3.844	20.274	7.111	1.00
-0.914	17.144	9.009	1.00
-0.831	16.366	10.230	1.00
-1.236	17.197	11.440	1.00
-2.218	16.851	12.116	1.00
0.610	15.900	10.292	1.00
1.362	16.770	9.342	1.00
0.373	17.150	8.280	1.00
-0.519	18.284	11.707	1.00
-0.802	19.117	12.878	1.00
-2.298	19.334	13.064	1.00
-2.903	20.146	12.367	1.00
-0.053	20.439	12.771	1.00
-0.570	21.639	13.544	1.00
-0.208	22.927	12.808	1.00
-0.980	24.120	13.343	1.00
-0.622	25.379	12.615	1.00
-2.885	18.611	14.017	1.00
-4.308	18.708	14.318	1.00
-5.143	19.209	13.141	1.00
-4.980	18.650	12.025	1.00
-4.515	19.611	15.532	1.00
-6.252	19.745	13.409	1.00
-0.471	20.527	-13.506	1.00
-0.480	20.224	-12.025	1.00
0.366	18.965	-11.811	1.00
1.111	18.518	-12.672	1.00
0.106	18.372	-10.680	1.00
0.905	17.212	-10.218	1.00
0.764	16.048	-11.106	1.00
1.828	15.295	-11.326	1.00
0.635	16.906	-8.752	1.00
1.790	16.021	-8.203	1.00
-0.764	16.303	-8.654	1.00
1.686	15.798	-6.709	1.00
-0.378	15.763	-11.640	1.00
-0.558	14.521	-12.426	1.00
0.288	14.592	-13.681	1.00
1.043	13.679	-14.034	1.00
-2.049	14.228	-12.634	1.00
14.006	-11.245	0.50	23.89
13.108	-13.715	0.50	18.30
15.317	-13.364	0.50	38.25
13.822	-11.349	0.50	22.66
0.165	15.763	-14.344	1.00
0.929	15.869	-15.605	1.00
2.394	15.883	-15.324	1.00
3.159	15.247	-16.089	1.00
0.495	17.205	-16.272	1.00
-0.962	17.221	-16.648	1.00
-2.003	17.323	-15.570	1.00
-1.752	17.903	-14.493	1.00
-3.116	16.761	-15.788	1.00
2.923	16.464	-14.253	1.00
4.335	16.618	-14.002	1.00
4.915	15.246	-13.526	1.00
5.964	14.848	-14.035	1.00
4.667	17.595	-12.869	1.00
4.530	19.048	-13.423	1.00
5.284	19.971	-12.481	1.00
5.185	19.942	-11.256	1.00
6.220	20.727	-13.065	1.00
4.160	14.590	-12.623	1.00
4.790	13.411	-12.014	1.00
4.212	12.050	-12.346	1.00
4.857	11.111	-11.970	1.00
4.643	13.629	-10.496	1.00
5.392	15.082	-9.772	1.00
3.048	11.971	-12.939	1.00
2.420	10.712	-13.307	1.00
2.556	10.527	-14.819	1.00
3.074	9.461	-15.202	1.00
0.946	10.695	-12.880	1.00
0.009	9.266	-13.512	1.00
2.194	11.574	-15.564	1.00
2.234	11.466	-17.043	1.00
3.666	11.565	-17.506	1.00
4.136	10.853	-18.393	1.00
1.312	12.562	-17.672	1.00
-0.024	12.279	-17.290	1.00
1.359	12.464	-19.207	1.00
4.496	12.310	-16.835	1.00
5.920	12.519	-17.033	1.00
6.637	12.081	-15.766	1.00
5.931	11.474	-14.959	1.00
6.196	13.994	-17.338	0.50
6.176	13.975	-17.421	0.50
7.585	14.221	-17.510	0.50
5.660	14.219	-18.727	0.50
7.908	12.324	-15.558	1.00
8.566	11.867	-14.318	1.00
9.018	13.068	-13.530	1.00
9.585	13.973	-14.171	1.00
9.736	10.915	-14.610	1.00
9.133	9.621	-15.174	1.00
10.554	10.682	-13.345	1.00
10.168	8.671	-15.718	1.00
8.840	13.085	-12.211	1.00
9.131	14.094	-11.279	1.00
10.462	13.819	-10.604	1.00
10.644	12.848	-9.881	1.00
7.990	14.207	-10.084	1.00
7.009	15.572	-10.823	1.00
11.370	14.801	-10.469	1.00
12.482	14.614	-9.581	1.00
11.985	14.951	-8.173	1.00
10.881	15.500	-7.992	1.00
13.576	15.611	-9.926	1.00
13.127	16.912	-9.490	1.00
12.764	14.690	-7.157	1.00
12.453	14.964	-5.774	1.00
12.106	16.438	-5.535	1.00
11.163	16.747	-4.799	1.00
13.573	14.510	-4.817	1.00
13.433	14.835	-3.366	1.00
12.229	14.180	-2.711	1.00
14.698	14.288	-2.679	1.00
12.870	17.305	-6.218	1.00
12.600	18.721	-6.015	1.00
11.280	19.129	-6.661	1.00
10.632	20.003	-6.076	1.00
13.776	19.494	-6.714	1.00
13.453	20.971	-6.609	1.00
13.542	21.553	-5.344	1.00
13.009	21.739	-7.671	1.00
13.242	22.886	-5.154	1.00
12.702	23.079	-7.475	1.00
12.822	23.644	-6.223	1.00
12.510	24.968	-5.993	1.00
10.894	18.506	-7.782	1.00
9.565	18.880	-8.309	1.00
8.453	18.359	-7.429	1.00
7.380	18.995	-7.320	1.00
9.372	18.319	-9.731	1.00
10.360	19.048	-10.668	1.00
10.612	18.370	-11.974	1.00
11.072	19.029	-12.948	1.00
10.552	17.067	-12.126	1.00
8.621	17.177	-6.746	1.00
7.492	16.769	-5.892	1.00
7.265	17.647	-4.685	1.00
6.196	17.858	-4.154	1.00
7.822	15.408	-5.158	1.00
7.520	14.246	-6.070	1.00
8.236	12.977	-5.542	1.00
5.977	14.025	-6.149	1.00
8.445	18.207	-4.210	1.00
8.380	19.080	-3.053	1.00
7.644	20.397	-3.399	1.00
7.270	21.050	-2.460	1.00
9.820	19.496	-2.580	1.00
10.426	18.286	-1.830	1.00
11.681	18.706	-1.060	1.00
12.616	19.150	-1.760	1.00
11.655	18.646	0.189	1.00
7.339	20.710	-4.639	1.00
6.538	21.901	-4.914	1.00
5.091	21.709	-4.437	1.00
4.297	22.654	-4.282	1.00
6.521	22.080	-6.443	1.00
7.834	22.739	-6.926	1.00
8.179	22.473	-8.071	1.00
8.406	23.533	-6.100	1.00
4.745	20.422	-4.147	1.00
3.312	20.204	-3.722	1.00
3.253	20.046	-2.227	1.00
2.183	19.711	-1.626	1.00
2.659	19.001	-4.490	1.00
2.802	19.275	-5.930	1.00
1.805	20.136	-6.508	1.00
3.849	18.821	-6.758	1.00
1.938	20.458	-7.890	1.00
3.942	19.116	-8.110	1.00
2.982	19.965	-8.617	1.00
3.090	20.296	-9.983	1.00
4.259	20.310	-1.441	1.00
4.255	20.304	-0.007	1.00
3.669	21.692	0.491	1.00
3.784	22.564	-0.333	1.00
5.578	20.090	0.717	1.00
6.501	18.647	0.216	1.00
3.044	21.642	1.616	1.00
2.466	22.896	2.190	1.00
3.579	23.735	2.867	1.00
4.695	23.252	3.098	1.00
1.482	22.667	3.312	1.00
0.265	21.831	3.009	1.00
-0.403	22.120	2.030	1.00
-0.121	20.939	3.895	1.00
3.502	24.952	2.556	1.00
16.388	9.048	-4.910	1.00
14.883	8.922	-4.976	1.00
14.551	8.197	-6.245	1.00
15.335	8.275	-7.216	1.00
14.258	10.336	-4.878	1.00
12.808	10.220	-4.400	1.00
12.464	10.008	-3.075	1.00
11.828	10.298	-5.356	1.00
11.116	9.915	-2.704	1.00
10.475	10.200	-4.994	1.00
10.129	9.962	-3.683	1.00
13.435	7.483	-6.363	1.00
13.052	6.715	-7.520	1.00
12.872	7.718	-8.654	1.00
12.459	8.831	-8.368	1.00
11.714	5.957	-7.425	1.00
11.807	4.561	-6.883	1.00
10.612	6.764	-6.710	1.00
13.069	7.175	-9.834	1.00
12.893	7.933	-11.073	1.00
11.907	7.130	-11.874	1.00
12.119	6.212	-12.695	1.00
14.262	8.036	-11.756	1.00
14.194	9.185	-12.760	1.00
14.097	8.873	-13.947	1.00
14.197	10.430	-12.279	1.00
10.605	7.408	-11.547	1.00
9.564	6.607	-12.220	1.00
8.242	7.429	-12.200	1.00
8.176	8.428	-11.485	1.00
9.332	5.311	-11.456	1.00
8.429	5.472	-10.270	1.00
8.180	4.206	-9.471	1.00
7.031	3.783	-9.382	1.00
9.281	3.710	-8.920	1.00
7.350	6.961	-13.048	1.00
6.009	7.641	-13.078	1.00
5.332	7.193	-11.780	1.00
5.341	6.010	-11.438	1.00
5.186	7.036	-14.212	1.00
5.820	7.318	-15.559	1.00
5.683	8.536	-16.163	1.00
6.548	6.494	-16.401	1.00
6.316	8.506	-17.353	1.00
6.855	7.287	-17.474	1.00
4.828	8.240	-11.102	1.00
4.162	8.015	-9.825	1.00
2.724	8.508	-10.006	1.00
2.449	9.714	-10.202	1.00
4.802	8.808	-8.705	1.00
6.246	8.482	-8.371	1.00
6.940	9.402	-7.406	1.00
6.149	7.107	-7.649	1.00
1.823	7.546	-9.851	1.00
0.422	7.807	-10.136	1.00
-0.494	7.241	-9.054	1.00
-0.152	6.295	-8.396	1.00
0.030	7.087	-11.426	1.00
0.966	7.609	-12.859	1.00
-1.672	7.849	-9.004	1.00
-2.694	7.303	-8.055	1.00
-2.219	7.390	-6.654	1.00
-1.544	8.281	-6.092	1.00
-2.452	6.238	-5.895	1.00
-2.175	6.166	-4.505	1.00
-0.594	6.240	-4.313	1.00
-0.142	6.549	-3.224	1.00
-2.799	4.969	-3.824	1.00
-2.294	3.775	-4.432	1.00
0.122	5.705	-5.333	1.00
1.575	5.719	-5.145	1.00
2.100	7.200	-5.145	1.00
3.087	7.445	-4.405	1.00
2.227	5.020	-6.351	1.00
1.763	3.545	-6.393	1.00
2.118	2.738	-5.346	1.00
1.079	2.873	-7.370	1.00
1.580	1.496	-5.646	1.00
0.995	1.587	-6.813	1.00
1.424	8.079	-5.842	1.00
1.884	9.470	-5.826	1.00
1.614	10.095	-4.479	1.00
2.407	10.866	-3.942	1.00
1.181	10.166	-6.975	1.00
1.366	11.715	-7.039	1.00
2.853	12.012	-7.130	1.00
0.609	12.185	-8.275	1.00
0.362	9.795	-3.954	1.00
0.050	10.302	-2.612	1.00
0.963	9.805	-1.518	1.00
1.435	10.538	-0.654	1.00
-1.482	10.047	-2.374	1.00
-1.767	10.204	-0.901	1.00
-2.233	10.999	-3.280	1.00
1.349	8.523	-1.608	1.00
2.246	8.002	-0.587	1.00
3.671	8.676	-0.781	1.00
4.296	8.898	0.238	1.00
2.455	6.502	-0.617	1.00
1.262	5.743	-0.037	1.00
1.013	5.981	1.475	1.00
1.945	6.065	2.304	1.00
-0.211	6.121	1.735	1.00
4.107	8.952	-2.018	1.00
5.381	9.623	-2.182	1.00
5.341	11.071	-1.564	1.00
6.249	11.511	-0.812	1.00
5.731	9.865	-3.642	1.00
4.171	11.759	-1.766	1.00
4.125	13.088	-1.110	1.00
4.051	13.060	0.385	1.00
4.631	13.859	1.115	1.00
2.764	13.741	-1.545	1.00
2.724	14.272	-2.966	1.00
1.312	14.660	-3.419	1.00
3.635	15.454	-3.142	1.00
3.419	11.970	0.949	1.00
3.308	11.859	2.385	1.00
4.742	11.688	2.964	1.00
5.089	12.311	3.976	1.00
2.477	10.576	2.683	1.00
2.330	10.316	4.188	1.00
1.501	11.115	4.962	1.00
2.984	9.278	4.821	1.00
1.370	10.868	6.327	1.00
2.848	9.006	6.199	1.00
2.055	9.824	6.915	1.00
1.828	9.631	8.258	1.00
5.554	10.876	2.258	1.00
6.965	10.683	2.709	1.00
7.807	11.941	2.478	1.00
8.547	12.336	3.419	1.00
7.584	9.585	1.780	1.00
8.892	8.996	2.365	1.00
9.387	7.987	1.268	1.00
10.031	9.854	2.799	1.00
7.779	12.585	1.343	1.00
8.710	13.713	1.105	1.00
8.287	14.949	1.920	1.00
9.282	15.606	2.353	1.00
8.587	14.040	-0.367	1.00
9.195	15.377	-0.733	1.00
9.129	12.875	-1.204	1.00
6.983	15.154	2.110	1.00
6.565	16.433	2.738	1.00
6.652	16.379	4.236	1.00
6.691	17.364	4.950	1.00
5.169	16.881	2.218	1.00
5.171	17.088	0.486	1.00
6.547	15.179	4.842	1.00
6.762	15.090	6.295	1.00
5.667	15.913	6.978	1.00
4.495	16.026	6.706	1.00
6.186	16.604	8.037	1.00
5.384	17.369	8.954	1.00
4.692	18.527	8.262	1.00
3.645	19.014	8.714	1.00
6.272	17.857	10.127	0.50
6.403	17.762	10.073	0.50
5.830	17.312	11.466	0.50
7.801	18.095	9.590	0.50
6.946	17.298	12.495	0.50
8.762	17.010	9.175	0.50
16.917	12.163	0.50	53.92
15.958	9.824	0.50	40.54
17.663	13.656	0.50	48.85
17.112	8.102	0.50	39.27
5.199	19.001	7.121	1.00
4.598	20.069	6.345	1.00
3.201	19.694	5.880	1.00
2.384	20.582	5.593	1.00
5.433	20.384	5.119	1.00
6.795	20.974	5.516	1.00
7.359	21.782	4.380	1.00
8.157	21.089	3.392	1.00
8.271	21.542	2.133	1.00
7.653	22.650	1.727	1.00
9.036	20.872	1.263	1.00
3.070	18.408	5.469	1.00
1.787	18.037	4.853	1.00
1.935	18.487	3.433	1.00
2.936	18.934	2.874	1.00
0.875	18.265	2.638	1.00
0.847	18.462	1.218	1.00
-0.518	18.707	0.679	1.00
-1.531	18.556	1.410	1.00
1.435	17.174	0.512	1.00
0.613	15.893	0.704	1.00
-0.394	15.579	-0.189	1.00
0.900	15.038	1.713	1.00
-1.161	14.363	0.010	1.00
0.215	13.860	1.966	1.00
-0.779	13.497	1.017	1.00
-0.600	19.111	-0.620	1.00
-1.951	19.153	-1.171	1.00
-2.005	18.372	-2.423	1.00
-1.031	18.285	-3.163	1.00
-2.297	20.632	-1.536	1.00
-1.306	21.399	-2.349	1.00
-0.200	22.035	-1.787	1.00
-1.476	21.470	-3.724	1.00
0.671	22.753	-2.591	1.00
-0.635	22.217	-4.526	1.00
0.441	22.820	-3.963	1.00
-3.122	17.583	-2.624	1.00
-3.217	16.751	-3.775	1.00
-4.411	17.255	-4.592	1.00
-5.537	17.015	-4.168	1.00
-3.430	15.259	-3.332	1.00
-3.562	14.392	-4.573	1.00
-2.476	14.181	-5.452	1.00
-4.741	13.672	-4.700	1.00
-2.726	13.432	-6.599	1.00
-4.921	12.883	-5.825	1.00
-3.919	12.765	-6.740	1.00
-4.161	11.944	-7.814	1.00
-4.124	17.908	-5.670	1.00
-5.261	18.551	-6.413	1.00
-5.076	18.158	-7.867	1.00
-4.348	18.768	-8.643	1.00
-5.202	20.063	-6.153	1.00
-3.878	20.487	-6.425	1.00
-5.474	20.471	-4.724	1.00
-5.592	16.989	-8.298	1.00
-5.367	16.374	-9.583	1.00
-6.021	17.060	-10.761	1.00
-5.545	16.714	-11.893	1.00
-5.840	14.920	-9.431	1.00
-6.843	15.000	-8.306	1.00
-6.466	16.144	-7.404	1.00
-6.947	17.946	-10.481	1.00
-7.556	18.707	-11.576	1.00
-6.757	19.981	-11.883	1.00
-7.021	20.634	-12.887	1.00
-8.937	19.211	-11.097	1.00
-9.936	18.094	-10.871	1.00
-11.191	18.274	-11.704	1.00
-12.477	18.231	-10.905	1.00
-12.251	18.376	-9.434	1.00
-5.868	20.428	-11.032	1.00
-5.110	21.679	-11.227	1.00
-4.082	21.484	-12.334	1.00
-3.827	20.305	-12.759	1.00
-4.438	22.058	-9.895	1.00
-3.560	22.502	-12.892	1.00
